0
-1
-5
-12
-20
-29
-38
-47
-56
-65
-73
-80
-87
-93
-98
-103
-107
-111
-114
-117
-119
-122
-123
-125
-126
-128
-129
-129
-130
-131
-131
-132
-132
-132
-133
-133
-133
-133
-133
-133
-134
-134
-134
-134
-134
-134
-134
-134
-134
-134
-135
-139
-145
-153
-162
-171
-181
-190
-199
-211
-225
-239
-254
-269
-283
-297
-309
-320
-330
-339
-347
-355
-361
-367
-371
-376
-379
-382
-381
-377
-371
-363
-355
-347
-339
-333
-329
-329
-331
-334
-339
-344
-349
-354
-359
-363
-368
-372
-375
-379
-381
-384
-386
-388
-391
-396
-404
-413
-423
-434
-444
-453
-462
-471
-478
-485
-492
-497
-502
-507
-511
-514
-517
-519
-522
-524
-525
-527
-528
-529
-530
-530
-531
-532
-532
-532
-533
-533
-533
-534
-538
-545
-553
-562
-571
-581
-590
-599
-607
-614
-621
-627
-632
-637
-641
-645
-648
-651
-653
-655
-657
-659
-660
-661
-662
-663
-664
-665
-665
-666
-666
-666
-667
-667
-667
-668
-672
-678
-687
-696
-705
-714
-723
-732
-740
-747
-754
-760
-766
-770
-775
-778
-782
-784
-787
-788
-786
-781
-775
-767
-758
-750
-742
-733
-722
-708
-694
-679
-665
-651
-638
-626
-615
-605
-597
-592
-591
-593
-597
-601
-606
-612
-617
-622
-627
-631
-632
-629
-624
-619
-611
-601
-587
-573
-557
-541
-523
-502
-481
-460
-440
-421
-403
-387
-372
-359
-347
-336
-326
-314
-300
-286
-271
-257
-244
-231
-220
-209
-200
-191
-184
-177
-171
-166
-161
-157
-154
-151
-148
-146
-144
-143
-141
-140
-139
-138
-138
-137
-137
-136
-135
-131
-124
-116
-107
-97
-88
-79
-70
-62
-55
-48
-42
-36
-32
-27
-24
-20
-18
-15
-13
-11
-9
-8
-7
-6
-5
-4
-4
-3
-3
-2
-2
-2
-2
-1
-1
-1
-1
-1
-1
-1
-1
-1
-1
-1
-1
-1
-1
-1
-1
-1
-1
-1
-1
-1
-1
-1
-1
-1
-1
-1
-1
-1
-1
-1
0
4
11
19
28
37
46
55
64
72
79
86
92
97
102
107
115
124
135
147
158
169
180
190
199
207
215
221
226
228
226
222
217
211
204
197
191
185
179
173
167
159
149
137
125
113
101
90
80
70
61
53
46
40
35
30
25
22
19
16
13
11
9
9
11
17
24
32
41
49
58
66
74
81
87
93
98
103
107
110
114
116
119
121
123
124
126
127
128
128
129
130
130
131
131
131
132
132
132
132
132
132
133
133
133
133
133
133
134
138
144
152
161
170
180
189
197
205
213
219
225
231
235
240
243
247
249
252
254
256
258
259
260
261
262
263
263
264
264
265
265
265
265
266
266
266
266
266
266
266
266
266
266
266
266
266
266
266
266
266
266
266
266
266
266
266
266
266
266
266
265
262
255
247
238
229
220
211
202
194
187
180
174
170
169
171
175
181
187
194
201
208
214
220
226
231
235
239
243
246
249
251
254
254
252
247
241
233
224
216
207
199
192
185
178
173
168
163
159
155
152
150
152
156
162
170
178
186
194
202
209
216
222
228
233
237
241
244
247
246
242
235
228
220
212
204
197
190
183
177
171
167
162
157
150
141
130
119
107
96
86
76
67
58
51
44
38
33
28
24
21
18
15
13
11
9
8
6
5
4
4
3
2
2
2
1
1
1
0
0
0
0
0
0
0
0
0
0
0
0
0
0
0
0
0
0
0
0
0
0
0
0
0
0
0
0
0
0
0
0
0
0
0
0
0
0
0
0
-1
-1
-1
-1
-1
-1
-1
-1
-1
-1
-1
-1
-1
-1
-1
-1
-1
-1
-1
-1
-1
-1
-1
-1
-1
-1
-1
-1
-1
-1
-1
-1
-1
-2
-5
-12
-20
-29
-38
-47
-56
-65
-73
-80
-87
-93
-98
-103
-107
-111
-113
-112
-108
-102
-95
-88
-80
-72
-64
-56
-46
-33
-20
-6
8
21
33
41
45
46
46
44
42
39
36
32
29
26
23
20
18
15
13
12
10
9
7
6
5
4
4
3
3
2
2
1
1
1
1
-1
-4
-11
-19
-28
-38
-47
-56
-65
-73
-80
-87
-93
-98
-103
-107
-111
-114
-117
-119
-122
-123
-125
-126
-128
-129
-129
-130
-131
-131
-132
-132
-132
-133
-133
-133
-133
-133
-133
-134
-134
-134
-134
-134
-134
-134
-134
-135
-139
-145
-153
-162
-171
-181
-190
-198
-206
-214
-221
-231
-243
-256
-269
-282
-295
-311
-328
-347
-365
-382
-399
-415
-429
-442
-454
-464
-474
-482
-488
-491
-490
-487
-482
-475
-465
-453
-438
-423
-407
-389
-369
-348
-327
-307
-288
-270
-254
-239
-225
-213
-203
-194
-190
-189
-191
-194
-199
-204
-210
-215
-221
-226
-230
-235
-239
-242
-246
-248
-247
-242
-236
-229
-221
-213
-205
-198
-190
-184
-178
-172
-167
-163
-159
-156
-152
-145
-137
-127
-116
-105
-94
-84
-75
-66
-58
-51
-44
-38
-33
-29
-25
-21
-18
-16
-13
-12
-10
-8
-7
-6
-5
-5
-4
-3
-3
-2
-2
-2
-2
-1
-1
-1
-1
-1
-1
-1
-1
-1
-1
-1
-1
-1
-1
-1
-1
-1
-1
-1
-1
-1
0
4
11
19
28
37
46
55
64
72
79
86
92
97
102
106
110
113
116
118
121
122
124
125
127
128
128
129
130
130
131
131
131
133
137
143
151
160
170
180
193
208
224
241
257
272
286
300
312
323
333
342
350
357
363
368
373
377
380
383
386
388
390
391
393
394
395
396
396
397
397
398
398
398
399
399
399
399
399
399
400
400
400
400
400
400
400
400
400
400
400
400
400
400
400
400
400
400
400
400
400
400
400
400
400
400
400
400
400
400
399
395
389
381
372
362
353
344
336
328
320
314
308
303
302
304
309
314
321
328
335
341
348
355
364
375
388
401
414
427
443
460
478
497
514
531
547
561
574
586
596
606
614
621
628
633
638
642
646
649
652
654
656
658
659
660
662
662
663
664
664
665
665
665
666
666
666
666
667
671
678
686
695
704
713
723
731
739
746
753
759
765
769
774
777
781
783
786
787
785
780
774
766
757
749
741
733
725
718
712
706
701
697
693
689
687
688
692
698
705
713
721
729
737
743
746
745
743
739
734
728
723
716
707
696
683
670
657
644
632
620
610
600
592
583
573
560
547
533
520
507
496
489
485
484
484
486
489
492
496
499
503
506
509
512
515
517
519
521
523
524
525
527
528
528
529
530
530
531
531
532
532
532
531
528
522
514
505
495
486
477
469
461
454
447
441
435
426
416
404
392
379
368
356
346
336
328
320
313
307
301
296
292
289
285
283
280
278
276
275
273
272
271
271
270
269
269
269
268
268
268
267
267
267
267
267
267
267
267
267
267
267
267
267
267
267
266
266
265
262
255
247
238
229
220
211
202
194
187
180
174
169
164
159
151
142
131
119
108
97
86
76
67
59
51
44
38
33
29
24
21
17
10
2
-8
-19
-30
-40
-51
-60
-69
-77
-84
-90
-96
-101
-106
-109
-109
-105
-100
-93
-86
-78
-70
-63
-56
-50
-44
-38
-33
-29
-25
-22
-19
-16
-15
-17
-21
-28
-36
-44
-52
-61
-69
-76
-83
-89
-95
-100
-104
-108
-112
-115
-118
-120
-122
-124
-125
-127
-128
-129
-130
-130
-131
-131
-132
-132
-132
-133
-133
-133
-133
-133
-133
-134
-134
-134
-134
-134
-134
-134
-134
-134
-134
-134
-134
-134
-134
-134
-134
-134
-135
-139
-145
-153
-162
-171
-181
-190
-198
-206
-214
-220
-226
-232
-236
-241
-244
-248
-250
-253
-255
-257
-259
-260
-261
-262
-263
-264
-264
-265
-265
-266
-266
-266
-266
-267
-267
-267
-267
-267
-267
-267
-267
-267
-267
-267
-267
-267
-267
-267
-267
-267
-267
-267
-267
-267
-267
-267
-267
-267
-267
-267
-267
-267
-267
-267
-267
-267
-267
-267
-267
-267
-267
-267
-267
-267
-267
-267
-267
-267
-267
-267
-267
-267
-267
-267
-267
-267
-267
-267
-267
-266
-263
-256
-248
-239
-229
-216
-201
-184
-167
-150
-134
-118
-101
-82
-62
-43
-24
-6
10
25
38
50
61
71
79
87
93
99
104
108
112
115
118
120
122
124
125
127
128
128
129
130
130
131
131
131
132
132
132
132
132
132
133
133
133
133
133
133
133
133
133
133
133
133
133
132
128
122
114
105
97
91
88
88
89
91
93
96
100
103
106
109
112
114
116
119
120
122
124
125
126
127
128
129
129
130
130
131
131
131
133
136
143
151
160
170
179
188
197
205
212
219
225
231
235
240
243
247
249
252
254
256
257
259
260
261
262
263
263
264
264
265
265
265
265
266
266
266
266
266
266
266
266
266
266
266
266
266
266
266
266
266
266
266
266
266
266
266
266
266
266
266
266
266
266
266
266
266
266
266
266
266
266
266
266
266
266
267
271
277
286
295
304
313
322
331
339
346
353
359
364
369
373
377
380
383
385
388
389
391
392
394
395
395
396
397
397
398
398
398
399
399
399
399
399
400
404
411
419
428
437
447
456
464
472
480
487
497
509
521
535
548
560
572
583
593
602
606
607
606
602
598
593
587
578
567
554
540
527
514
501
490
479
469
460
452
445
439
434
429
425
421
419
420
424
430
437
445
453
461
469
476
483
489
495
500
504
508
511
515
517
520
522
523
525
526
527
528
529
529
527
524
523
523
522
523
523
524
525
525
526
528
532
539
548
558
567
577
588
600
615
631
646
662
677
691
704
716
726
736
744
751
754
753
750
746
740
733
724
711
697
683
668
654
641
628
617
607
597
589
583
580
580
583
588
593
599
606
612
618
623
628
633
637
641
644
647
650
652
653
652
647
640
632
624
614
602
588
573
557
541
526
512
499
487
476
466
456
445
432
418
404
390
376
364
352
342
332
324
316
309
304
298
294
290
286
283
281
279
277
275
274
273
272
271
270
270
269
269
268
268
268
267
267
267
267
267
267
267
267
267
267
267
267
267
267
267
266
266
266
266
266
266
266
266
266
266
266
266
266
266
266
266
266
266
266
266
266
266
266
266
266
266
266
266
266
266
266
266
266
266
266
266
266
266
266
266
266
266
266
266
266
266
266
266
266
266
266
266
266
266
266
267
271
277
286
295
304
313
322
331
339
346
353
359
364
369
373
377
380
383
385
388
389
390
388
382
375
367
359
350
341
333
326
319
312
306
301
297
293
289
286
283
281
279
277
275
274
273
272
271
270
270
269
269
268
268
268
268
267
267
267
267
267
267
267
266
262
256
247
238
229
220
211
202
194
187
180
174
169
164
160
155
148
139
128
117
106
95
85
75
66
58
50
44
38
33
28
23
16
7
-4
-15
-27
-38
-49
-63
-78
-94
-111
-127
-142
-156
-170
-182
-192
-202
-211
-219
-225
-231
-236
-241
-245
-248
-251
-254
-256
-257
-259
-260
-261
-262
-263
-264
-265
-265
-265
-266
-266
-266
-266
-267
-267
-267
-267
-267
-267
-268
-272
-278
-286
-295
-305
-314
-323
-332
-340
-347
-354
-360
-365
-370
-374
-378
-381
-384
-386
-389
-390
-392
-393
-395
-396
-396
-397
-398
-398
-399
-399
-399
-400
-400
-400
-400
-400
-400
-400
-401
-401
-401
-401
-401
-401
-401
-401
-401
-401
-401
-401
-401
-401
-401
-401
-401
-402
-406
-412
-420
-429
-438
-448
-457
-465
-473
-481
-487
-493
-499
-503
-508
-511
-515
-517
-520
-522
-524
-525
-527
-528
-529
-530
-530
-526
-521
-513
-504
-495
-486
-477
-469
-461
-454
-448
-442
-436
-432
-427
-424
-421
-418
-415
-413
-411
-410
-408
-407
-406
-405
-405
-404
-403
-399
-392
-383
-374
-365
-355
-346
-337
-329
-322
-315
-309
-303
-299
-294
-290
-283
-273
-264
-256
-252
-249
-247
-247
-247
-248
-249
-251
-252
-254
-255
-256
-258
-259
-260
-261
-262
-262
-263
-264
-264
-265
-266
-270
-277
-285
-294
-304
-313
-323
-331
-339
-347
-353
-359
-365
-370
-374
-378
-381
-384
-386
-388
-390
-392
-393
-394
-395
-396
-397
-398
-398
-399
-399
-399
-400
-400
-400
-400
-400
-400
-401
-405
-412
-420
-429
-438
-448
-457
-465
-473
-481
-487
-493
-499
-503
-508
-511
-514
-513
-509
-503
-496
-488
-480
-472
-464
-453
-440
-426
-411
-397
-383
-370
-358
-347
-337
-328
-320
-313
-307
-301
-297
-292
-289
-286
-283
-281
-280
-282
-286
-293
-301
-310
-318
-327
-335
-342
-349
-355
-361
-366
-371
-374
-374
-371
-365
-359
-351
-344
-335
-324
-311
-297
-282
-267
-252
-235
-217
-197
-178
-159
-142
-125
-110
-97
-84
-73
-64
-55
-47
-41
-35
-30
-26
-23
-23
-27
-33
-40
-47
-55
-63
-70
-77
-84
-90
-96
-100
-105
-109
-112
-115
-117
-116
-111
-105
-97
-89
-81
-73
-65
-58
-51
-45
-39
-34
-30
-26
-22
-19
-17
-14
-12
-11
-9
-8
-7
-6
-5
-5
-8
-14
-22
-30
-40
-49
-57
-66
-74
-81
-86
-89
-88
-84
-79
-74
-68
-61
-55
-49
-44
-39
-34
-30
-26
-23
-20
-17
-15
-13
-11
-10
-13
-18
-25
-33
-42
-52
-64
-78
-94
-110
-126
-141
-155
-168
-180
-191
-201
-210
-217
-220
-219
-217
-212
-207
-201
-195
-188
-178
-166
-153
-140
-126
-113
-101
-89
-79
-73
-71
-71
-73
-77
-81
-85
-89
-94
-98
-102
-106
-109
-112
-115
-118
-119
-117
-112
-106
-98
-89
-77
-62
-46
-30
-14
2
17
35
53
73
91
106
117
125
131
135
137
138
136
130
122
113
103
93
84
74
66
58
51
44
39
33
29
25
21
18
15
13
11
9
8
7
5
5
4
3
2
2
2
1
1
1
1
-1
-4
-11
-19
-28
-38
-47
-56
-65
-73
-80
-87
-93
-98
-103
-107
-111
-114
-117
-119
-122
-123
-125
-126
-128
-129
-129
-130
-131
-131
-132
-132
-132
-133
-133
-133
-133
-133
-133
-134
-134
-134
-134
-134
-134
-134
-134
-134
-134
-134
-134
-134
-134
-134
-134
-134
-134
-134
-135
-139
-145
-153
-162
-171
-181
-190
-198
-206
-214
-220
-226
-232
-236
-241
-244
-248
-250
-253
-255
-257
-259
-261
-266
-273
-282
-292
-302
-312
-321
-330
-338
-346
-353
-359
-364
-369
-374
-377
-381
-384
-386
-388
-391
-397
-404
-414
-424
-434
-444
-453
-463
-471
-480
-490
-503
-517
-531
-544
-558
-570
-581
-592
-601
-610
-617
-620
-619
-616
-612
-607
-601
-595
-589
-583
-578
-573
-568
-564
-560
-557
-554
-551
-549
-547
-545
-543
-542
-542
-545
-550
-557
-566
-575
-584
-592
-600
-608
-615
-622
-628
-633
-636
-637
-634
-629
-623
-616
-609
-602
-595
-588
-582
-576
-571
-566
-562
-558
-555
-552
-550
-548
-546
-544
-543
-542
-545
-550
-558
-566
-575
-584
-592
-601
-608
-615
-623
-632
-644
-657
-670
-683
-695
-707
-718
-728
-737
-745
-753
-759
-765
-770
-774
-778
-782
-784
-782
-778
-772
-765
-757
-748
-740
-733
-725
-719
-712
-707
-702
-698
-698
-701
-706
-712
-719
-728
-738
-752
-767
-782
-797
-811
-825
-838
-850
-860
-870
-878
-886
-893
-898
-904
-908
-912
-914
-914
-910
-904
-897
-889
-881
-873
-865
-858
-852
-845
-840
-835
-831
-827
-823
-820
-817
-815
-813
-811
-810
-809
-807
-807
-806
-805
-804
-804
-804
-803
-803
-803
-802
-802
-802
-802
-802
-802
-802
-802
-802
-802
-801
-801
-800
-797
-790
-782
-773
-764
-755
-746
-736
-724
-711
-696
-681
-666
-652
-639
-627
-615
-605
-596
-588
-581
-574
-569
-564
-560
-556
-553
-550
-548
-546
-544
-542
-541
-540
-539
-538
-538
-537
-537
-536
-536
-536
-536
-535
-535
-535
-535
-535
-535
-535
-535
-535
-535
-535
-534
-534
-534
-534
-534
-534
-534
-534
-534
-534
-534
-534
-534
-534
-534
-534
-534
-534
-534
-534
-534
-534
-534
-534
-534
-534
-533
-530
-523
-515
-506
-497
-487
-474
-459
-443
-427
-411
-395
-381
-368
-355
-344
-334
-326
-318
-311
-306
-304
-306
-310
-315
-322
-329
-335
-342
-348
-354
-360
-365
-369
-374
-377
-380
-383
-386
-388
-389
-387
-382
-375
-367
-359
-350
-342
-334
-326
-319
-313
-307
-302
-297
-293
-290
-287
-284
-282
-279
-278
-276
-275
-274
-273
-272
-271
-271
-270
-270
-269
-269
-269
-269
-268
-268
-268
-268
-268
-268
-268
-268
-268
-268
-268
-268
-269
-272
-279
-287
-296
-305
-314
-323
-332
-340
-346
-349
-349
-346
-342
-337
-331
-325
-320
-314
-309
-304
-300
-296
-292
-289
-286
-283
-281
-279
-279
-281
-286
-293
-301
-309
-318
-326
-335
-342
-349
-355
-361
-366
-371
-375
-379
-382
-384
-387
-389
-391
-392
-394
-395
-396
-396
-397
-398
-398
-399
-399
-399
-400
-400
-400
-400
-400
-400
-400
-401
-401
-401
-400
-396
-390
-382
-373
-363
-354
-345
-337
-329
-321
-315
-309
-304
-303
-305
-310
-315
-322
-329
-336
-343
-353
-366
-379
-393
-407
-421
-433
-445
-456
-466
-474
-481
-485
-484
-482
-477
-472
-467
-461
-455
-449
-444
-439
-434
-430
-426
-423
-420
-417
-416
-418
-422
-429
-437
-445
-453
-461
-469
-477
-483
-490
-495
-500
-505
-509
-512
-515
-518
-520
-522
-523
-521
-516
-509
-501
-493
-483
-471
-456
-441
-425
-409
-394
-380
-367
-355
-344
-334
-325
-317
-309
-300
-288
-276
-263
-250
-237
-226
-215
-205
-197
-193
-192
-194
-197
-202
-207
-212
-217
-223
-227
-232
-236
-240
-244
-247
-249
-252
-254
-256
-258
-260
-265
-272
-281
-291
-301
-311
-321
-330
-339
-350
-363
-378
-392
-407
-420
-433
-444
-451
-455
-456
-454
-452
-449
-445
-441
-438
-434
-430
-427
-424
-421
-418
-416
-414
-412
-412
-414
-419
-426
-434
-443
-452
-460
-469
-480
-494
-508
-523
-537
-551
-564
-576
-588
-598
-607
-615
-622
-628
-634
-639
-643
-646
-650
-652
-655
-657
-658
-660
-661
-662
-663
-664
-665
-665
-666
-665
-662
-655
-648
-639
-630
-620
-612
-603
-595
-588
-581
-575
-570
-565
-561
-557
-554
-551
-549
-547
-545
-543
-542
-541
-541
-544
-549
-557
-565
-574
-583
-592
-600
-608
-615
-622
-632
-644
-656
-670
-683
-695
-707
-718
-728
-737
-745
-753
-759
-765
-770
-774
-778
-782
-785
-787
-788
-786
-782
-775
-767
-758
-746
-731
-715
-698
-681
-662
-641
-619
-597
-577
-557
-539
-523
-512
-505
-500
-499
-498
-499
-501
-503
-506
-508
-511
-513
-516
-518
-520
-522
-522
-520
-515
-508
-500
-492
-483
-475
-467
-459
-452
-446
-440
-435
-431
-427
-423
-420
-418
-420
-424
-430
-438
-446
-454
-462
-470
-478
-488
-501
-515
-529
-542
-556
-568
-580
-591
-600
-609
-617
-624
-630
-635
-640
-644
-647
-650
-653
-655
-657
-659
-661
-666
-673
-682
-692
-702
-713
-726
-741
-758
-774
-792
-811
-832
-853
-875
-895
-913
-928
-938
-945
-949
-951
-948
-942
-934
-923
-909
-892
-874
-854
-832
-807
-782
-758
-734
-712
-691
-672
-655
-640
-626
-613
-603
-593
-584
-573
-560
-547
-533
-520
-507
-495
-483
-469
-453
-437
-421
-405
-390
-376
-363
-351
-341
-332
-327
-326
-328
-331
-335
-340
-345
-351
-357
-365
-376
-389
-401
-414
-427
-439
-450
-460
-469
-477
-485
-491
-497
-502
-507
-511
-514
-517
-520
-522
-524
-525
-527
-527
-524
-519
-511
-503
-494
-485
-477
-469
-465
-465
-466
-469
-474
-478
-483
-488
-493
-497
-503
-510
-520
-531
-543
-555
-567
-578
-588
-598
-606
-614
-621
-627
-633
-638
-642
-646
-649
-651
-649
-645
-639
-631
-623
-614
-602
-588
-573
-557
-542
-527
-513
-500
-488
-477
-467
-458
-451
-444
-438
-433
-428
-424
-421
-418
-415
-413
-411
-410
-408
-407
-406
-405
-406
-409
-414
-422
-431
-440
-449
-458
-466
-474
-481
-488
-494
-499
-504
-508
-512
-515
-518
-520
-522
-524
-526
-527
-528
-529
-530
-531
-531
-532
-532
-532
-533
-533
-533
-533
-534
-534
-534
-534
-534
-534
-534
-534
-533
-530
-523
-515
-506
-497
-488
-479
-470
-462
-455
-448
-442
-437
-432
-428
-424
-421
-419
-420
-424
-431
-438
-446
-454
-462
-470
-477
-484
-490
-497
-505
-516
-528
-541
-553
-565
-576
-587
-597
-605
-613
-621
-627
-631
-633
-631
-626
-621
-614
-607
-600
-593
-587
-581
-575
-570
-566
-562
-558
-555
-552
-550
-547
-546
-545
-547
-552
-559
-567
-576
-585
-593
-601
-610
-620
-633
-646
-657
-664
-669
-673
-675
-677
-678
-678
-678
-677
-677
-676
-675
-675
-674
-673
-673
-672
-672
-671
-671
-671
-675
-681
-689
-698
-711
-727
-744
-761
-779
-799
-821
-843
-862
-877
-889
-899
-905
-908
-906
-901
-892
-879
-862
-842
-819
-793
-765
-735
-704
-673
-644
-617
-591
-568
-547
-528
-512
-501
-494
-491
-491
-495
-503
-514
-526
-538
-551
-563
-574
-585
-595
-604
-612
-619
-626
-630
-632
-630
-626
-620
-614
-607
-600
-593
-587
-581
-575
-570
-566
-562
-558
-556
-557
-561
-566
-574
-581
-589
-597
-605
-612
-618
-624
-630
-635
-639
-642
-642
-638
-633
-626
-619
-611
-604
-596
-589
-583
-577
-572
-567
-563
-559
-556
-553
-550
-548
-546
-544
-543
-541
-540
-539
-539
-538
-537
-537
-537
-536
-536
-536
-535
-535
-535
-535
-535
-535
-535
-535
-535
-535
-535
-535
-534
-534
-534
-534
-534
-534
-534
-534