82
87
88
86
82
78
73
70
69
69
70
71
72
73
71
68
64
57
49
41
33
25
19
13
9
6
2
-1
-6
-11
-18
-25
-33
-41
-47
-51
-52
-51
-46
-37
-27
-15
-3
8
15
19
18
13
2
-11
-27
-44
-59
-72
-81
-85
-84
-78
-68
-55
-40
-25
-11
1
9
12
11
6
-2
-13
-26
-41
-56
-70
-84
-96
-108
-118
-127
-134
-140
-144
-147
-148
-148
-146
-143
-139
-135
-130
-126
-122
-119
-117
-116
-117
-119
-122
-126
-130
-135
-140
-144
-148
-152
-155
-158
-161
-163
-165
-168
-171
-173
-177
-180
-183
-186
-188
-190
-191
-191
-190
-189
-188
-187
-187
-187
-188
-189
-190
-192
-193
-194
-193
-191
-187
-183
-180
-177
-178
-182
-189
-201
-217
-236
-257
-277
-294
-308
-316
-317
-313
-302
-288
-271
-255
-242
-234
-231
-236
-245
-260
-276
-292
-304
-312
-312
-304
-289
-267
-240
-210
-181
-154
-132
-116
-108
-107
-114
-126
-144
-164
-186
-208
-228
-246
-260
-270
-275
-277
-273
-266
-254
-238
-219
-197
-174
-150
-126
-105
-85
-70
-58
-50
-46
-46
-48
-51
-54
-57
-57
-55
-50
-42
-32
-20
-8
4
15
24
31
36
39
40
40
39
38
36
36
36
36
37
39
41
44
46
48
49
51
52
53
54
56
58
62
67
73
79
86
93
99
103
105
105
102
97
91
86
83
83
89
99
113
132
151
170
185
195
198
193
180
161
137
111
86
66
51
44
45
54
69
88
109
130
149
164
175
182
184
184
181
177
172
166
160
154
148
141
134
127
121
115
110
108
108
111
116
122
130
139
148
156
162
166
168
169
168
166
163
162
161
163
167
172
179
188
196
205
214
221
227
232
235
237
238
239
239
239
239
239
239
239
238
237
235
233
231
229
227
226
224
223
220
216
210
201
189
174
157
137
117
98
81
68
60
59
63
73
88
106
124
142
157
167
172
172
167
158
148
136
127
120
118
120
127
138
152
166
180
192
201
206
207
205
202
198
194
193
194
198
206
216
227
238
247
253
256
256
251
243
234
223
212
203
196
191
189
189
192
196
201
206
212
217
222
227
231
235
239
242
245
247
250
253
257
261
267
273
281
289
298
307
315
321
326
327
325
320
311
299
284
269
253
239
226
217
211
209
210
214
220
227
234
240
245
248
250
252
254
257
262
268
275
283
291
296
298
295
288
275
258
238
217
198
180
168
160
158
161
168
178
188
198
206
213
216
218
219
220
222
226
232
240
251
263
275
286
296
302
305
304
299
292
282
270
256
242
228
214
201
189
179
171
164
159
157
157
159
163
170
178
187
198
209
222
234
246
257
267
275
281
285
286
286
283
278
271
263
254
245
236
226
217
209
202
195
190
186
184
182
182
182
182
183
183
183
183
181
179
177
175
173
171
171
171
172
173
176
178
180
182
183
183
183
182
180
178
175
173
170
167
164
160
155
149
143
136
128
121
113
107
102
98
96
96
98
101
105
109
114
118
122
125
127
129
130
131
132
132
132
133
133
133
132
132
131
130
130
131
132
134
138
142
146
151
154
156
157
155
150
144
135
126
116
107
99
94
92
93
98
106
117
129
142
155
167
177
184
189
190
189
185
180
174
167
161
156
152
148
145
141
137
132
126
119
111
104
98
93
91
91
92
94
96
96
93
87
78
66
53
40
29
23
23
29
43
63
88
116
144
169
191
207
216
218
214
205
193
179
165
151
138
128
119
113
108
105
103
103
105
108
111
115
120
124
127
129
130
129
127
124
120
117
115
114
116
119
125
131
136
141
142
141
135
126
114
99
83
68
54
43
35
31
31
33
38
45
51
58
63
66
68
70
69
69
67
66
63
60
57
52
46
39
32
25
18
13
11
10
13
19
27
37
48
59
69
77
82
84
81
76
66
54
41
28
15
4
-5
-11
-15
-18
-20
-24
-30
-39
-53
-70
-92
-115
-140
-164
-185
-201
-210
-212
-207
-195
-177
-154
-130
-106
-83
-64
-48
-37
-29
-24
-22
-20
-17
-13
-7
2
12
24
36
46
53
57
55
47
35
17
-3
-25
-46
-65
-78
-84
-83
-76
-61
-42
-20
4
26
46
60
70
73
72
66
57
46
35
25
18
13
11
13
17
24
32
42
53
63
74
84
92
101
108
113
118
122
125
129
132
135
137
140
143
146
148
150
151
152
152
151
149
146
143
140
137
134
133
132
132
132
133
135
136
137
137
137
137
136
134
132
130
127
124
121
117
112
107
101
96
91
88
87
89
94
102
113
128
145
163
181
197
212
223
230
234
234
230
224
216
208
201
195
191
189
189
190
192
194
196
197
196
194
191
188
186
186
188
194
204
218
235
255
275
295
314
328
339
344
345
340
332
321
308
294
281
270
261
254
250
248
247
249
252
256
261
268
275
284
295
306
317
329
340
348
355
359
360
357
352
345
336
328
321
315
313
314
317
324
333
343
354
364
373
379
384
386
386
384
380
376
371
365
360
355
350
345
340
335
330
325
319
314
308
303
298
294
289
285
281
277
273
269
264
260
255
250
246
243
241
240
241
244
249
257
267
280
293
309
325
340
356
370
383
393
403
410
416
420
425
429
434
439
446
454
463
472
480
488
494
498
499
497
492
484
474
463
452
443
436
432
432
435
441
449
459
468
475
480
482
481
478
473
467
462
459
459
463
472
486
502
522
542
562
579
592
598
596
586
568
543
512
478
442
409
380
358
345
341
348
364
387
416
447
478
506
530
546
556
559
555
546
534
519
505
490
477
466
456
448
442
436
430
426
422
419
417
416
417
419
421
425
428
431
433
433
431
427
420
411
401
391
380
370
362
356
352
351
353
356
362
368
375
382
387
392
396
398
400
401
402
404
406
410
414
420
426
432
437
440
440
438
432
422
410
395
378
360
344
328
316
306
300
297
298
301
306
313
319
326
331
334
336
336
334
330
325
319
312
305
299
293
288
283
279
276
273
271
269
268
266
266
265
265
265
266
267
269
271
273
276
280
283
286
289
292
295
296
296
296
294
290
285
279
271
263
255
247
239
233
228
225
223
223
224
225
228
230
232
234
235
235
235
235
234
234
233
232
230
228
226
222
217
212
204
196
187
178
168
158
148
138
128
118
109
100
92
84
78
73
69
67
66
67
70
74
79
85
90
96
101
105
108
110
111
112
113
113
114
115
116
117
118
118
117
114
109
103
95
86
77
68
60
54
50
49
51
56
64
75
86
98
110
119
127
132
133
132
128
121
113
104
95
87
80
75
72
70
69
69
68
67
65
61
57
53
48
45
44
44
48
54
63
74
85
95
105
111
114
113
108
99
86
71
55
39
25
12
3
-3
-6
-5
-2
4
10
17
23
28
31
32
32
29
25
20
14
7
1
-6
-12
-19
-25
-32
-39
-46
-52
-58
-62
-65
-65
-63
-59
-54
-47
-41
-34
-29
-25
-24
-24
-26
-28
-31
-32
-31
-27
-22
-14
-5
3
10
13
12
7
-4
-18
-35
-53
-70
-83
-91
-93
-87
-73
-54
-29
-2
25
49
67
78
79
70
51
24
-10
-48
-87
-123
-153
-175
-185
-184
-171
-147
-114
-75
-33
8
47
80
105
122
131
132
127
119
108
98
89
82
80
80
84
90
98
107
116
125
132
138
143
147
150
152
154
155
157
159
162
165
169
173
177
183
188
195
201
208
215
221
228
233
238
241
243
242
239
233
224
213
200
185
169
154
141
131
124
121
123
129
140
154
170
187
203
217
228
235
237
235
230
220
209
197
185
173
164
157
153
151
152
154
158
164
169
175
180
185
189
191
193
193
192
192
190
189
189
189
191
194
198
203
210
218
226
233
240
246
251
254
257
258
259
260
260
261
263
265
268
270
273
276
277
278
278
277
275
272
269
266
263
260
257
255
254
255
256
259
263
268
274
281
289
296
303
309
313
316
317
316
313
309
304
298
292
288
284
282
281
282
285
288
292
297
301
304
307
309
309
308
305
300
294
286
277
268
259
250
243
238
237
239
245
255
269
286
305
325
345
363
379
391
399
404
404
402
396
388
379
369
360
352
345
339
335
332
330
330
330
331
333
336
338
342
345
349
354
358
364
369
375
381
388
394
401
409
417
425
434
442
450
457
462
464
463
459
451
440
425
407
388
369
349
332
317
305
296
292
290
291
293
297
301
305
309
311
313
315
316
319
322
326
331
337
344
351
358
365
370
375
378
380
380
379
378
376
373
371
368
366
364
362
361
359
358
358
357
357
357
357
355
353
350
346
341
336
331
327
326
328
334
344
359
378
400
424
449
473
496
515
530
541
546
548
545
540
532
522
512
501
490
480
469
460
450
441
433
426
419
413
409
406
404
404
406
409
413
419
425
432
440
448
455
462
468
473
477
480
481
481
479
477
474
471
468
464
460
456
452
446
439
430
418
405
389
372
355
337
321
307
296
289
286
288
292
299
308
316
324
329
331
330
325
318
309
300
290
282
275
272
272
275
281
289
299
308
318
325
331
334
335
333
329
323
316
309
303
297
292
288
286
285
285
285
285
284
284
283
281
279
277
274
272
271
270
269
269
270
271
273
275
278
281
285
289
293
297
300
301
301
298
294
288
281
272
263
254
247
241
238
238
241
248
258
270
284
299
315
330
344
354
360
361
356
345
329
308
283
257
231
207
188
175
169
170
178
193
212
234
258
280
301
319
333
343
350
354
357
358
358
358
357
356
353
348
342
333
323
310
296
282
269
258
249
244
242
244
249
257
268
279
290
301
309
315
317
317
314
309
301
293
285
277
271
267
265
265
268
273
279
287
295
302
309
314
317
319
318
315
310
303
295
285
275
263
252
241
230
221
212
205
200
196
193
191
189
188
186
184
181
178
174
170
167
164
163
163
163
165
166
167
166
164
159
151
142
130
117
104
92
81
72
65
60
58
56
54
52
49
44
37
29
19
9
-1
-10
-17
-21
-23
-22
-20
-17
-14
-12
-11
-11
-11
-13
-14
-14
-12
-9
-3
4
12
20
27
31
33
31
25
16
5
-7
-20
-31
-41
-48
-52
-53
-52
-49
-45
-40
-35
-31
-28
-25
-24
-24
-26
-29
-33
-39
-47
-56
-66
-77
-89
-101
-112
-121
-129
-134
-136
-135
-131
-124
-116
-108
-99
-93
-88
-86
-87
-91
-97
-105
-114
-122
-129
-133
-135
-133
-128
-121
-112
-102
-93
-85
-79
-76
-75
-78
-83
-91
-99
-108
-118
-126
-133
-138
-143
-146
-149
-151
-152
-154
-155
-156
-156
-156
-155
-152
-148
-144
-138
-132
-127
-121
-116
-112
-108
-104
-100
-95
-89
-81
-73
-65
-57
-50
-47
-47
-50
-58
-70
-84
-99
-114
-126
-134
-136
-133
-123
-107
-87
-63
-39
-15
6
23
35
42
43
39
31
21
9
-3
-13
-22
-27
-28
-26
-20
-11
-1
11
23
34
42
47
49
48
44
38
31
23
16
11
9
11
16
24
36
49
62
73
81
84
80
68
49
22
-11
-48
-87
-125
-158
-184
-201
-208
-204
-190
-167
-138
-105
-72
-41
-15
5
16
20
16
7
-8
-25
-43
-60
-75
-87
-96
-102
-104
-104
-101
-96
-90
-83
-76
-71
-67
-65
-67
-72
-81
-93
-108
-125
-143
-161
-176
-187
-194
-196
-192
-183
-169
-152
-133
-114
-96
-80
-67
-57
-50
-46
-43
-41
-40
-37
-35
-31
-27
-24
-20
-18
-16
-16
-17
-19
-20
-21
-21
-19
-14
-8
-1
7
13
17
17
13
2
-14
-36
-61
-87
-111
-133
-148
-156
-155
-145
-127
-102
-73
-42
-12
16
38
54
64
67
66
61
54
48
44
42
45
51
61
73
87
102
116
129
139
147
151
151
148
141
132
120
107
93
80
67
56
47
40
36
36
38
42
49
58
68
78
88
98
106
112
117
120
121
121
120
118
116
114
113
112
112
113
114
117
119
122
126
129
132
135
137
138
138
136
132
126
117
107
95
82
69
58
48
42
40
43
50
61
76
94
113
132
150
166
179
188
193
194
192
186
178
167
155
141
127
113
100
87
75
66
58
52
48
46
46
45
44
42
38
33
25
16
6
-3
-10
-15
-16
-13
-5
8
25
45
67
90
112
132
150
163
171
174
170
161
145
123
97
67
36
5
-24
-48
-65
-74
-75
-67
-51
-28
-1
29
58
85
108
125
138
146
150
152
154
156
161
168
178
190
203
216
226
232
234
230
221
207
189
169
149
131
116
105
100
101
106
115
126
138
149
157
163
164
163
158
152
145
137
131
127
124
123
123
123
122
121
119
115
110
105
100
95
92
91
92
94
98
103
107
111
114
115
114
111
107
102
97
92
88
84
82
81
81
82
83
84
84
83
82
80
77
74
71
69
67
67
67
69
72
76
81
86
90
94
97
99
99
99
98
97
95
93
91
88
86
83
80
76
71
66
60
54
48
41
35
30
25
22
19
18
18
19
21
23
25
26
27
27
26
22
17
11
3
-5
-14
-23
-31
-39
-45
-49
-53
-55
-56
-56
-56
-55
-55
-54
-54
-53
-53
-52
-51
-51
-50
-51
-51
-52
-55
-58
-62
-69
-77
-88
-101
-118
-137
-158
-182
-205
-228
-248
-264
-274
-276
-270
-256
-234
-205
-172
-138
-104
-75
-51
-36
-29
-31
-42
-60
-82
-108
-135
-160
-181
-199
-211
-218
-220
-217
-211
-203
-193
-184
-175
-167
-161
-158
-157
-158
-159
-162
-165
-167
-169
-169
-169
-169
-168
-167
-166
-166
-167
-169
-170
-172
-173
-173
-172
-170
-166
-161
-157
-153
-150
-149
-150
-153
-157
-161
-163
-165
-163
-159
-154
-147
-141
-137
-137
-142
-154
-173
-198
-227
-257
-287
-313
-334
-346
-350
-344
-331
-311
-288
-264
-242
-224
-211
-204
-204
-208
-216
-226
-235
-241
-244
-242
-236
-226
-215
-202
-191
-182
-178
-178
-184
-194
-210
-228
-249
-271
-293
-312
-330
-344
-355
-363
-368
-370
-371
-370
-369
-366
-363
-360
-355
-349
-342
-334
-325
-315
-305
-295
-285
-277
-270
-266
-265
-267
-272
-279
-288
-298
-308
-316
-322
-324
-323
-318
-310
-300
-289
-278
-269
-262
-260
-262
-268
-277
-290
-304
-318
-332
-344
-352
-358
-360
-358
-354
-347
-339
-329
-318
-306
-292
-278
-263
-248
-232
-216
-201
-187
-176
-167
-161
-157
-156
-158
-161
-165
-170
-174
-178
-181
-183
-185
-185
-186
-186
-186
-186
-187
-187
-187
-187
-187
-186
-183
-180
-175
-168
-161
-152
-143
-134
-125
-117
-110
-106
-103
-102
-102
-104
-107
-110
-112
-114
-117
-119
-122
-126
-130
-136
-141
-146
-150
-151
-150
-146
-140
-132
-124
-118
-116
-118
-127
-142
-163
-189
-217
-243
-266
-281
-287
-282
-266
-238
-202
-158
-112
-64
-20
18
48
70
81
83
77
65
47
26
3
-19
-40
-57
-71
-81
-87
-89
-89
-87
-84
-81
-78
-75
-74
-73
-72
-73
-73
-72
-71
-70
-68
-65
-61
-58
-55
-53
-52
-51
-52
-54
-56
-59
-62
-65
-67
-69
-70
-69
-66
-62
-56
-49
-40
-29
-18
-6
6
17
27
35
41
46
48
50
50
50
49
49
48
47
46
45
41
36
29
20
8
-5
-18
-31
-43
-52
-59
-61
-61
-57
-51
-44
-35
-27
-21
-15
-12
-9
-9
-8
-8
-7
-6
-4
-1
1
2
2
-1
-6
-15
-25
-38
-52
-66
-78
-87
-93
-94
-91
-84
-74
-63
-52
-44
-39
-39
-43
-51
-63
-77
-91
-103
-112
-117
-117
-113
-106
-98
-90
-85
-83
-86
-95
-108
-124
-142
-159
-173
-182
-184
-180
-169
-152
-129
-104
-78
-53
-31
-11
4
14
21
24
25
23
19
13
7
-1
-10
-19
-30
-42
-53
-64
-74
-82
-88
-92
-93
-92
-89
-86
-82
-79
-77
-76
-76
-78
-81
-84
-87
-89
-89
-89
-87
-84
-80
-76
-72
-69
-67
-66
-68
-71
-75
-81
-87
-93
-100
-106
-113
-120
-127
-134
-142
-150
-158
-165
-172
-178
-181
-183
-181
-178
-171
-162
-152
-141
-130
-119
-109
-101
-95
-90
-86
-84
-81
-79
-76
-72
-67
-61
-55
-47
-40
-32
-23
-14
-4
6
18
31
44
58
71
84
94
101
104
102
94
80
62
40
16
-8
-30
-49
-63
-70
-69
-61
-45
-24
2
30
57
82
101
113
114
105
85
54
15
-32
-82
-132
-179
-218
-246
-261
-261
-247
-220
-182
-137
-89
-42
-2
29
49
56
52
37
15
-12
-40
-66
-89
-106
-116
-121
-122
-119
-115
-111
-108
-106
-107
-109
-113
-117
-121
-124
-125
-126
-126
-128
-130
-134
-140
-148
-159
-171
-185
-198
-210
-221
-229
-235
-238
-239
-238
-235
-230
-225
-220
-216
-212
-209
-206
-204
-202
-200
-198
-195
-191
-185
-179
-171
-162
-152
-142
-132
-122
-113
-106
-100
-96
-95
-96
-100
-106
-114
-122
-132
-141
-150
-157
-161
-164
-164
-163
-161
-159
-157
-156
-158
-162
-168
-177
-187
-198
-210
-221
-231
-239
-247
-254
-262
-270
-279
-291
-304
-319
-334
-348
-358
-364
-364
-357
-343
-321
-293
-259
-224
-187
-153
-123
-99
-81
-72
-70
-74
-84
-98
-115
-133
-151
-168
-183
-195
-204
-210
-212
-211
-206
-198
-187
-173
-156
-139
-121
-103
-87
-72
-60
-50
-44
-40
-39
-41
-45
-51
-58
-66
-74
-82
-90
-98
-105
-110
-114
-117
-118
-117
-115
-111
-107
-103
-100
-98
-98
-99
-103
-108
-115
-122
-129
-136
-142
-146
-148
-150
-151
-152
-154
-157
-161
-167
-173
-179
-184
-186
-185
-182
-175
-167
-160
-154
-154
-160
-175
-199
-231
-270
-314
-359
-402
-440
-469
-488
-494
-489
-473
-448
-415
-380
-343
-308
-275
-247
-223
-205
-192
-183
-180
-181
-187
-197
-212
-230
-250
-271
-290
-304
-312
-311
-299
-278
-246
-207
-162
-115
-70
-29
4
28
40
43
37
24
7
-12
-29
-44
-53
-58
-59
-56
-50
-45
-40
-37
-37
-40
-46
-53
-62
-71
-79
-86
-91
-93
-94
-94
-93
-93
-94
-97
-103
-110
-120
-130
-140
-149
-156
-160
-161
-158
-153
-146
-138
-130
-124
-121
-120
-121
-125
-131
-137
-143
-146
-146
-143
-137
-129
-118
-108
-99
-92
-90
-93
-101
-114
-132
-153
-176
-199
-221
-240
-255
-266
-272
-274
-272
-266
-257
-246
-234
-221
-207
-193
-180
-167
-155
-145
-136
-130
-125
-124
-126
-130
-135
-142
-149
-154
-158
-159
-157
-152
-142
-129
-114
-97
-79
-62
-46
-33
-23
-15
-12
-11
-14
-19
-27
-36
-48
-60
-73
-87
-100
-114
-127
-140
-151
-160
-168
-172
-173
-170
-163
-153
-141
-126
-112
-100
-92
-88
-92
-102
-119
-143
-170
-199
-228
-254
-274
-286
-290
-285
-273
-254
-231
-206
-181
-159
-140
-127
-118
-114
-113
-114
-115
-116
-115
-111
-105
-97
-88
-78
-68
-60
-54
-50
-47
-47
-49
-51
-54
-58
-61
-65
-69
-75
-81
-90
-100
-112
-126
-140
-154
-168
-179
-188
-195
-198
-199
-199
-198
-196
-196
-197
-200
-203
-208
-212
-215
-214
-209
-201
-188
-171
-152
-131
-111
-93
-79
-69
-65
-66
-72
-81
-93
-106
-119
-131
-142
-153
-163
-173
-185
-198
-213
-230
-247
-263
-276
-285
-287
-282
-269
-248
-222
-193
-162
-134
-110
-93
-84
-82
-88
-99
-115
-132
-148
-161
-170
-175
-176
-176
-175
-177
-184
-197
-218
-247
-282
-323
-366
-409
-448
-480
-502
-511
-508
-491
-463
-424
-377
-327
-275
-225
-179
-140
-108
-85
-71
-63
-62
-66
-74
-83
-93
-104
-114
-124
-134
-143
-154
-165
-177
-189
-201
-212
-221
-228
-231
-229
-223
-213
-198
-182
-165
-148
-133
-122
-114
-111
-112
-116
-122
-130
-138
-145
-151
-156
-159
-162
-163
-165
-167
-170
-173
-177
-182
-187
-191
-195
-198
-199
-199
-197
-193
-187
-180
-171
-160
-150
-140
-131
-124
-119
-117
-118
-121
-126
-132
-139
-145
-150
-152
-152
-149
-144
-138
-131
-125
-120
-118
-119
-124
-131
-141
-153
-165
-176
-185
-192
-195
-196
-192
-185
-176
-164
-152
-140
-129
-119
-113
-110
-112
-118
-128
-142
-159
-177
-195
-212
-224